%YAML:1.0
---
depthShift: -6.6690700198023336e+01
