%YAML:1.0
---
cameraMatrix: !!opencv-matrix
   rows: 3
   cols: 3
   dt: d
   data: [ 3.2691087529383128e+02, 0., 2.7109016726010526e+02, 0.,
       3.2486490905274769e+02, 2.0658447012908070e+02, 0., 0., 1. ]
distortionCoefficients: !!opencv-matrix
   rows: 1
   cols: 5
   dt: d
   data: [ 5.0820850991119063e-02, -1.1928242552622038e-01,
       -1.0485854404829466e-02, 1.4651241139659620e-02,
       3.6370825718491852e-02 ]
rotation: !!opencv-matrix
   rows: 3
   cols: 3
   dt: d
   data: [ 1., 0., 0., 0., 1., 0., 0., 0., 1. ]
projection: !!opencv-matrix
   rows: 4
   cols: 4
   dt: d
   data: [ 3.2691087529383128e+02, 0., 2.7109016726010526e+02, 0., 0.,
       3.2486490905274769e+02, 2.0658447012908070e+02, 0., 0., 0., 1.,
       0., 0., 0., 0., 1. ]
