%YAML:1.0
---
cameraMatrix: !!opencv-matrix
   rows: 3
   cols: 3
   dt: d
   data: [ 3.1083656486323425e+03, 0., 2.0592946248093776e+03, 0.,
       9.8871328604136693e+02, 5.3780984560372087e+02, 0., 0., 1. ]
distortionCoefficients: !!opencv-matrix
   rows: 1
   cols: 5
   dt: d
   data: [ 1.7410282102951934e-02, -2.1664304216641486e-01,
       -1.3866091649061771e-03, -4.7218947246478390e-02,
       1.5189564367215092e-01 ]
rotation: !!opencv-matrix
   rows: 3
   cols: 3
   dt: d
   data: [ 1., 0., 0., 0., 1., 0., 0., 0., 1. ]
projection: !!opencv-matrix
   rows: 4
   cols: 4
   dt: d
   data: [ 3.1083656486323425e+03, 0., 2.0592946248093776e+03, 0., 0.,
       9.8871328604136693e+02, 5.3780984560372087e+02, 0., 0., 0., 1.,
       0., 0., 0., 0., 1. ]
